1729405614241 0.00017147999999999998 0
1729405660341 0.00035017645 1
1729405693540 0.000521516408 2
1729405741897 0.0006854998739999999 3
1729405790250 0.0008421268480000001 4
1729405819244 0.00099139733 5
1729405848443 0.00113331132 6
1729405877778 0.0012309405999999998 7
1729405906756 0.0012026464 8
1729405941045 0.0011743522 9
1729405967952 0.001146058 10
1729405997100 0.0011177638 11
1729406026910 0.0010894695999999998 12
1729406054589 0.0010611754 13
1729406086960 0.0010328811999999999 14
1729406117468 0.001004587 15
1729406147238 0.0009762927999999999 16
1729406183043 0.0009479985999999998 17
1729406209619 0.0009197044000000001 18
1729406240251 0.0008914102 19
1729406274349 0.0008631159999999999 20
1729406303427 0.0008348218000000001 21
1729406341080 0.0008065276 22
1729406375957 0.0007782334000000001 23
1729406418540 0.0007499392 24
1729406457225 0.0007216449999999999 25
1729406486387 0.0006933508 26
1729406525652 0.0006650565999999999 27
1729406557996 0.0006367623999999998 28
1729406595074 0.0006084682000000001 29
1729406632293 0.000580174 30
1729406664868 0.0005518798 31
1729406701771 0.0005235856 32
1729406736305 0.0004952913999999999 33
1729406773627 0.00046699719999999993 34
1729406814481 0.00043870300000000003 35
1729406857050 0.0004104088 36
1729406893504 0.0003821146 37
1729406933364 0.00035382039999999994 38
1729406972127 0.00032552619999999993 39
1729407013877 0.0002972319999999999 40
1729407054145 0.0002689378000000001 41
1729407087024 0.00024064360000000006 42
1729407131334 0.0002123494 43
1729407175694 0.00018405519999999999 44
1729407218775 0.00015576099999999995 45
1729407262606 0.00012746679999999994 46
1729407305008 9.917260000000006e-05 47
1729407347240 7.087840000000005e-05 48
1729407390250 4.2584200000000025e-05 49
