1 0.035937 0.212037 0.071875 0.064814
1 0.036458 0.299074 0.072917 0.072222
1 0.036458 0.399074 0.072917 0.057408
1 0.038021 0.483333 0.076042 0.070371
1 0.163542 0.806482 0.327083 0.383333
1 0.128125 0.385185 0.108334 0.070370
1 0.128645 0.280556 0.103125 0.083333
1 0.128645 0.481482 0.103125 0.092593
1 0.129167 0.177778 0.102083 0.085185
1 0.148438 0.576852 0.067709 0.061111
1 0.246875 0.249074 0.122916 0.101852
1 0.248958 0.363889 0.127083 0.087037
1 0.249479 0.134260 0.128125 0.090741
1 0.251042 0.484259 0.129167 0.087037
1 0.253646 0.604629 0.123958 0.087037
1 0.340105 0.340741 0.053125 0.107407
1 0.353646 0.470371 0.078125 0.114815
1 0.343750 0.100926 0.045834 0.083334
1 0.361980 0.589815 0.078125 0.116666
1 0.342187 0.228704 0.036459 0.105555
1 0.359896 0.744444 0.063542 0.133333
1 0.604167 0.037963 0.129167 0.075926
1 0.590104 0.187963 0.019792 0.079630
1 0.629687 0.165741 0.059375 0.101852
1 0.842187 0.121297 0.309375 0.242593
