1 0.010000 0.137801 0.020000 0.106928
1 0.011000 0.028615 0.022000 0.057229
1 0.012000 0.545934 0.024000 0.112952
1 0.014500 0.274850 0.029000 0.106927
1 0.027000 0.410392 0.054000 0.097891
1 0.083000 0.138554 0.046000 0.093374
1 0.088500 0.033133 0.047000 0.066265
1 0.105500 0.274850 0.059000 0.103915
1 0.096500 0.398343 0.033000 0.094879
1 0.153000 0.033885 0.054000 0.067771
1 0.161500 0.145332 0.057000 0.097891
1 0.168000 0.267319 0.042000 0.091867
1 0.221000 0.141566 0.036000 0.117470
1 0.237000 0.247741 0.052000 0.100904
1 0.244000 0.481928 0.056000 0.078313
1 0.233000 0.028615 0.032000 0.057229
1 0.241500 0.367470 0.041000 0.105422
1 0.288500 0.033133 0.031000 0.066265
1 0.292000 0.136295 0.038000 0.091868
1 0.292500 0.240964 0.035000 0.093374
1 0.298000 0.352409 0.034000 0.066265
1 0.345500 0.033885 0.041000 0.067771
1 0.348000 0.237951 0.032000 0.084337
1 0.349500 0.134036 0.035000 0.093374
1 0.354000 0.346386 0.018000 0.069277
1 0.399000 0.144578 0.040000 0.051205
1 0.394000 0.241717 0.024000 0.061747
1 0.400500 0.045934 0.037000 0.052711
1 0.467500 0.052711 0.035000 0.105422
1 0.512500 0.098644 0.021000 0.079819
1 0.512500 0.021837 0.011000 0.043675
1 0.542000 0.108434 0.022000 0.060241
1 0.548000 0.022590 0.030000 0.045181
1 0.568000 0.189006 0.022000 0.052710
1 0.576000 0.190512 0.020000 0.067771
1 0.578000 0.112951 0.024000 0.057229
1 0.580000 0.029368 0.020000 0.058735
1 0.603000 0.192018 0.022000 0.055723
1 0.610000 0.099397 0.024000 0.063253
1 0.610500 0.032379 0.019000 0.064759
1 0.635000 0.109939 0.018000 0.045181
1 0.633000 0.032379 0.012000 0.064759
1 0.662000 0.183735 0.018000 0.054216
1 0.666000 0.036897 0.024000 0.061747
1 0.661500 0.111446 0.013000 0.054217
1 0.744500 0.624247 0.141000 0.603916
1 0.686000 0.121235 0.012000 0.046686
1 0.689000 0.043675 0.018000 0.048193
1 0.697000 0.662651 0.034000 0.159639
1 0.698000 0.534639 0.030000 0.159639
1 0.698500 0.402108 0.029000 0.165663
1 0.705500 0.047439 0.017000 0.052711
1 0.713500 0.039910 0.023000 0.064759
1 0.755000 0.441265 0.066000 0.159638
1 0.757000 0.650602 0.070000 0.150603
1 0.733500 0.050451 0.015000 0.052711
1 0.733000 0.112952 0.012000 0.051205
1 0.760000 0.862952 0.048000 0.162650
1 0.751500 0.189006 0.023000 0.067772
1 0.782500 0.025603 0.021000 0.051205
1 0.790000 0.789157 0.028000 0.141567
1 0.797500 0.525602 0.027000 0.126506
1 0.795000 0.405120 0.020000 0.171687
1 0.807500 0.639307 0.037000 0.100904
1 0.811500 0.123494 0.005000 0.039156
1 0.813500 0.075301 0.007000 0.036144
1 0.817000 0.025603 0.012000 0.027109
1 0.828000 0.081325 0.014000 0.033133
1 0.829000 0.122741 0.016000 0.052710
1 0.842500 0.029367 0.015000 0.028615
1 0.914000 0.907380 0.148000 0.182229
1 0.930500 0.723645 0.137000 0.176205
1 0.940500 0.543675 0.117000 0.183735
1 0.931000 0.533133 0.028000 0.156627
1 0.951500 0.353915 0.057000 0.144579
1 0.955000 0.014307 0.064000 0.028614
1 0.962500 0.155873 0.073000 0.170181
