1 0.012207 0.968099 0.024414 0.037760
1 0.027832 0.754557 0.055664 0.105469
1 0.033203 0.893880 0.066406 0.069010
1 0.086426 0.560547 0.172852 0.105469
1 0.035645 0.330078 0.067383 0.095052
1 0.186035 0.337890 0.227539 0.097657
1 0.360840 0.231771 0.041992 0.085938
1 0.370117 0.319010 0.052734 0.083333
1 0.587403 0.345703 0.190429 0.050782
1 0.586914 0.263020 0.144532 0.111979
1 0.648438 0.414062 0.029297 0.044271
1 0.860840 0.360026 0.145508 0.069010
1 0.965332 0.384115 0.067382 0.119791
1 0.982422 0.522787 0.033203 0.100261
