1 0.037812 0.351834 0.075625 0.071495
1 0.038437 0.441204 0.076875 0.084666
1 0.038437 0.757761 0.076875 0.100658
1 0.039688 0.539041 0.079375 0.075259
1 0.040938 0.640640 0.081875 0.086547
1 0.211250 0.933208 0.115000 0.103480
1 0.221562 0.777987 0.123125 0.133584
1 0.217500 0.643933 0.097500 0.119473
1 0.224688 0.508937 0.111875 0.127940
1 0.332187 0.455785 0.295625 0.083725
1 0.315000 0.273753 0.258750 0.080903
1 0.333438 0.364064 0.295625 0.073378
1 0.350938 0.525400 0.169375 0.055503
1 0.298750 0.684384 0.055000 0.038570
1 0.301250 0.615240 0.050000 0.077140
1 0.485938 0.640170 0.175625 0.134525
1 0.465938 0.769991 0.125625 0.128881
1 0.468750 0.904516 0.131250 0.126999
1 0.457813 0.504233 0.058125 0.097836
1 0.468125 0.267168 0.047500 0.079021
1 0.491250 0.458137 0.040000 0.071496
1 0.493125 0.396049 0.033750 0.041392
1 0.499375 0.525400 0.036250 0.040452
1 0.497188 0.346660 0.028125 0.049859
1 0.515937 0.326434 0.030625 0.071495
1 0.574375 0.430856 0.060000 0.060207
1 0.580937 0.488711 0.068125 0.102540
1 0.562188 0.311854 0.028125 0.042333
1 0.587187 0.504234 0.078125 0.094073
1 0.562188 0.375823 0.023125 0.031044
1 0.584062 0.296802 0.030625 0.064911
1 0.591250 0.875353 0.042500 0.096896
1 0.590313 0.367356 0.033125 0.051741
1 0.596875 0.755880 0.046250 0.119473
1 0.637813 0.620413 0.128125 0.126999
1 0.614062 0.306209 0.031875 0.046096
1 0.619687 0.401693 0.020625 0.071496
1 0.667500 0.501881 0.095000 0.102540
1 0.698125 0.383349 0.085000 0.049858
1 0.826875 0.704610 0.160000 0.156162
1 0.814063 0.874412 0.131875 0.143932
1 0.827500 0.985418 0.158750 0.027281
1 0.790312 0.537629 0.069375 0.138288
1 0.815312 0.355597 0.065625 0.071496
1 0.810312 0.282220 0.039375 0.063970
1 0.814688 0.503292 0.045625 0.065851
1 0.831875 0.437441 0.047500 0.062088
1 0.854375 0.262935 0.046250 0.110066
1 0.881250 0.491534 0.061250 0.093133
1 0.878125 0.358420 0.045000 0.077141
1 0.891563 0.438382 0.071875 0.082784
1 0.889687 0.287394 0.039375 0.049859
1 0.941562 0.552210 0.079375 0.109125
1 0.960625 0.475541 0.066250 0.036688
1 0.970938 0.697555 0.056875 0.126999
1 0.971875 0.969896 0.055000 0.058325
1 0.972500 0.864534 0.053750 0.141110
1 0.976250 0.540451 0.046250 0.113829
