1 0.076875 0.509850 0.153750 0.190432
1 0.110625 0.239681 0.075000 0.107880
1 0.097188 0.353189 0.038125 0.096623
1 0.110000 0.134147 0.056250 0.076923
1 0.136250 0.365854 0.035000 0.086304
1 0.224062 0.085835 0.135625 0.134146
1 0.229063 0.482177 0.115625 0.138837
1 0.243125 0.753283 0.138750 0.153846
1 0.236875 0.623359 0.115000 0.139775
1 0.275313 0.960600 0.069375 0.076923
1 0.354687 0.224203 0.105625 0.110694
1 0.351562 0.065197 0.093125 0.130394
1 0.353437 0.366323 0.096875 0.111632
1 0.360625 0.508912 0.098750 0.134146
1 0.361250 0.635553 0.097500 0.126641
1 0.363750 0.775328 0.092500 0.132270
1 0.385313 0.215291 0.019375 0.092870
1 0.465313 0.441839 0.131875 0.161351
1 0.628437 0.715759 0.444375 0.382739
1 0.651250 0.048780 0.218750 0.097561
1 0.662187 0.174484 0.208125 0.165104
1 0.664687 0.364916 0.213125 0.157599
1 0.666250 0.530019 0.207500 0.168856
1 0.892187 0.165572 0.206875 0.179174
1 0.853750 0.764540 0.123750 0.095685
1 0.896875 0.032364 0.205000 0.064728
1 0.896875 0.367730 0.205000 0.170732
1 0.898750 0.554878 0.201250 0.188556
1 0.904375 0.730769 0.190000 0.151970
1 0.904375 0.885553 0.190000 0.227017
