1 0.030625 0.675423 0.061250 0.228893
1 0.145313 0.264072 0.290625 0.271107
1 0.028750 0.955910 0.055000 0.086304
1 0.050937 0.039869 0.091875 0.079737
1 0.113750 0.678237 0.141250 0.242027
1 0.127812 0.960600 0.079375 0.076923
1 0.167813 0.047843 0.120625 0.095685
1 0.204062 0.691369 0.119375 0.230769
1 0.218438 0.972326 0.085625 0.053471
1 0.264375 0.049718 0.052500 0.099437
1 0.268750 0.670262 0.046250 0.287993
1 0.388750 0.317542 0.147500 0.286116
1 0.415000 0.017823 0.156250 0.035647
1 0.531875 0.347091 0.155000 0.227017
1 0.594062 0.020638 0.125625 0.041276
1 0.698125 0.315666 0.171250 0.274860
1 0.684063 0.721388 0.091875 0.210131
1 0.718125 0.350845 0.157500 0.227017
1 0.777500 0.019700 0.105000 0.039400
1 0.792188 0.683865 0.134375 0.277674
1 0.779687 0.950282 0.080625 0.097561
1 0.825313 0.333959 0.080625 0.281426
1 0.811562 0.961539 0.014375 0.075047
1 0.825937 0.983583 0.023125 0.030957
1 0.843438 0.954972 0.014375 0.088180
1 0.855625 0.944184 0.010000 0.109756
1 0.939688 0.613508 0.119375 0.305816
1 0.941563 0.904784 0.115625 0.188555
1 0.943437 0.303940 0.111875 0.206379
1 0.944063 0.048780 0.110625 0.097561
