1 0.188125 0.825000 0.046250 0.043334
1 0.190625 0.767500 0.041250 0.041666
1 0.192500 0.711250 0.042500 0.039166
1 0.194063 0.654166 0.045625 0.046667
1 0.197500 0.598334 0.041250 0.041667
1 0.201250 0.544166 0.041250 0.043333
1 0.246875 0.826666 0.042500 0.043333
1 0.249688 0.772500 0.048125 0.045000
1 0.250937 0.712916 0.045625 0.039167
1 0.252812 0.595834 0.044375 0.043333
1 0.252812 0.655417 0.041875 0.040833
1 0.258125 0.545000 0.043750 0.038334
1 0.306250 0.830000 0.045000 0.043334
1 0.307812 0.770833 0.048125 0.041667
1 0.312188 0.660000 0.051875 0.050000
1 0.311562 0.714167 0.045625 0.045000
1 0.313437 0.602083 0.046875 0.040833
1 0.315625 0.543334 0.042500 0.038333
1 0.368437 0.834167 0.048125 0.048333
1 0.369688 0.774166 0.048125 0.041667
1 0.369688 0.716666 0.045625 0.043333
1 0.372500 0.602917 0.042500 0.042500
1 0.373750 0.551250 0.045000 0.035834
1 0.373750 0.660416 0.045000 0.040833
1 0.427813 0.779167 0.048125 0.045000
1 0.429688 0.602917 0.049375 0.042500
1 0.430312 0.720000 0.048125 0.040000
1 0.429688 0.838750 0.044375 0.045834
1 0.431250 0.661250 0.041250 0.042500
1 0.433750 0.550417 0.046250 0.040833
1 0.490938 0.720000 0.050625 0.043334
1 0.490938 0.839584 0.050625 0.040833
1 0.491250 0.780000 0.045000 0.043334
1 0.493750 0.607917 0.047500 0.042500
1 0.495000 0.551250 0.045000 0.042500
1 0.551875 0.845000 0.050000 0.045000
1 0.552500 0.782500 0.048750 0.045000
1 0.553125 0.552083 0.047500 0.044167
1 0.553750 0.725834 0.048750 0.051667
1 0.554375 0.666667 0.050000 0.046667
1 0.555000 0.609166 0.046250 0.048333
1 0.613125 0.725000 0.048750 0.043334
1 0.615312 0.786250 0.053125 0.044166
1 0.614375 0.843333 0.048750 0.051667
1 0.740000 0.608750 0.038750 0.040834
1 0.740625 0.661250 0.040000 0.039166
1 0.741250 0.720833 0.041250 0.041667
1 0.741250 0.776666 0.041250 0.043333
1 0.741250 0.834167 0.041250 0.051667
