1 0.236875 0.752814 0.473750 0.492495
1 0.249688 0.280488 0.499375 0.560976
1 0.168125 0.654315 0.212500 0.087242
1 0.409062 0.107411 0.216875 0.214822
1 0.417500 0.888368 0.141250 0.221388
1 0.659062 0.641182 0.146875 0.115384
1 0.653438 0.826454 0.133125 0.146342
1 0.662813 0.537054 0.149375 0.106003
1 0.657188 0.736867 0.135625 0.124766
1 0.663438 0.356942 0.148125 0.081614
1 0.659062 0.446530 0.136875 0.075047
1 0.665312 0.176830 0.144375 0.124765
1 0.666562 0.271576 0.139375 0.113508
1 0.798750 0.825985 0.086250 0.342402
1 0.779375 0.931051 0.040000 0.136023
1 0.806563 0.589588 0.083125 0.211069
1 0.815312 0.341464 0.080625 0.204503
