1 0.806563 0.576723 0.279375 0.810144
1 0.032188 0.604681 0.064375 0.728219
1 0.500625 0.544214 0.997500 0.908973
1 0.059375 0.591677 0.048750 0.754227
1 0.095938 0.595579 0.065625 0.767230
1 0.133437 0.595579 0.069375 0.756827
1 0.190000 0.604681 0.092500 0.738621
1 0.229687 0.628739 0.074375 0.680104
1 0.296250 0.611183 0.087500 0.725617
1 0.341875 0.624837 0.045000 0.713915
1 0.384062 0.608583 0.058125 0.741223
1 0.439688 0.592328 0.066875 0.773732
1 0.490313 0.544864 0.036875 0.879063
1 0.509062 0.648245 0.038125 0.672301
1 0.554688 0.591028 0.070625 0.776333
1 0.597187 0.647595 0.033125 0.657997
1 0.621875 0.571522 0.048750 0.820547
1 0.659375 0.602081 0.050000 0.754227
1 0.954688 0.605982 0.089375 0.746424
1 0.986875 0.523407 0.020000 0.383616
