1 0.102917 0.405313 0.127500 0.099375
1 0.114166 0.120000 0.136667 0.065000
1 0.120000 0.618750 0.148334 0.088750
1 0.112083 0.311562 0.127500 0.095625
1 0.119584 0.212188 0.134167 0.081875
1 0.135833 0.512188 0.116667 0.094375
1 0.310000 0.127812 0.278334 0.090625
1 0.241667 0.315000 0.123333 0.092500
1 0.248750 0.419063 0.127500 0.089375
1 0.245417 0.526563 0.102500 0.068125
1 0.252084 0.218438 0.115833 0.086875
1 0.256250 0.623125 0.120834 0.093750
1 0.260000 0.705937 0.123334 0.071875
1 0.378333 0.422500 0.113333 0.088750
1 0.384167 0.321562 0.125000 0.081875
1 0.373750 0.601875 0.100834 0.068750
1 0.388333 0.232187 0.130000 0.076875
1 0.384166 0.514687 0.111667 0.089375
