1 0.009375 0.372889 0.018750 0.036585
1 0.014063 0.418386 0.028125 0.054409
1 0.019688 0.479831 0.039375 0.053471
1 0.096562 0.091933 0.111875 0.183865
1 0.097188 0.116323 0.110625 0.215760
1 0.101562 0.170263 0.114375 0.196060
1 0.102500 0.241558 0.102500 0.141651
1 0.102500 0.291276 0.095000 0.122889
1 0.107500 0.345685 0.095000 0.107880
1 0.108750 0.399156 0.092500 0.068480
1 0.113750 0.458724 0.100000 0.065666
1 0.114375 0.510788 0.098750 0.053470
1 0.178125 0.031426 0.053750 0.062852
1 0.200937 0.076454 0.089375 0.111632
1 0.211250 0.379925 0.105000 0.069418
1 0.211250 0.467636 0.095000 0.059100
1 0.206563 0.128049 0.083125 0.158537
1 0.219375 0.536586 0.108750 0.097561
1 0.207813 0.217636 0.078125 0.136960
1 0.210313 0.309099 0.080625 0.119137
1 0.290625 0.159943 0.092500 0.124765
1 0.266875 0.015010 0.032500 0.030019
1 0.295000 0.269230 0.088750 0.136961
1 0.327813 0.065197 0.150625 0.130394
1 0.343125 0.356004 0.163750 0.113508
1 0.349687 0.473264 0.171875 0.102251
1 0.373437 0.106942 0.075625 0.135084
1 0.382812 0.233583 0.094375 0.146341
1 0.395000 0.600844 0.091250 0.126642
1 0.457812 0.174953 0.060625 0.124766
1 0.455937 0.334428 0.030625 0.109756
1 0.512188 0.041745 0.143125 0.083490
1 0.510313 0.484052 0.131875 0.138837
1 0.505000 0.622421 0.098750 0.137899
1 0.497500 0.160882 0.052500 0.119137
1 0.494375 0.329738 0.043750 0.122889
1 0.536875 0.329269 0.051250 0.136961
1 0.564688 0.132270 0.086875 0.153846
1 0.573750 0.652908 0.100000 0.176360
1 0.599063 0.320356 0.078125 0.158537
1 0.629687 0.498124 0.121875 0.166979
1 0.648125 0.089118 0.105000 0.178236
1 0.661563 0.676360 0.065625 0.168856
1 0.659375 0.317073 0.053750 0.151970
1 0.722500 0.303939 0.085000 0.163227
1 0.733437 0.498124 0.080625 0.166979
1 0.723750 0.694653 0.058750 0.186679
1 0.805625 0.074578 0.212500 0.149156
1 0.790938 0.712476 0.075625 0.184803
1 0.801562 0.290338 0.076875 0.186679
1 0.823125 0.505159 0.096250 0.188555
1 0.837187 0.266886 0.060625 0.196060
1 0.875000 0.737805 0.095000 0.214822
1 0.890313 0.268762 0.069375 0.199812
1 0.895312 0.508911 0.059375 0.207317
1 0.959375 0.765478 0.033750 0.213883
1 0.969062 0.053471 0.031875 0.106942
1 0.978125 0.269700 0.042500 0.197936
1 0.972187 0.527205 0.023125 0.202627
1 0.989062 0.047843 0.020625 0.095685
1 0.989062 0.250938 0.020625 0.177298
1 0.989062 0.521107 0.020625 0.201688
1 0.989062 0.778142 0.020625 0.211069
