1 0.075359 0.224166 0.150719 0.151667
1 0.106942 0.399166 0.213884 0.148333
1 0.086304 0.125833 0.106316 0.010000
1 0.176360 0.231250 0.080050 0.125834
1 0.245466 0.236667 0.045654 0.150000
1 0.274547 0.387916 0.092558 0.125833
1 0.289243 0.525417 0.053158 0.082500
1 0.290806 0.248750 0.042527 0.122500
1 0.351469 0.373750 0.088805 0.127500
1 0.352720 0.251250 0.071295 0.110834
1 0.358036 0.482083 0.055660 0.047500
1 0.419324 0.359584 0.041901 0.079167
1 0.423389 0.252916 0.046279 0.124167
1 0.447155 0.258333 0.050031 0.096667
1 0.476235 0.261667 0.100688 0.120000
1 0.484365 0.746250 0.096936 0.122500
1 0.518136 0.386250 0.135710 0.074166
1 0.613196 0.364166 0.090682 0.101667
1 0.605066 0.436250 0.060663 0.035834
1 0.675110 0.475417 0.064415 0.124167
1 0.715135 0.861667 0.131957 0.201667
1 0.718574 0.369167 0.115072 0.095000
1 0.787680 0.373750 0.015635 0.085834
1 0.873671 0.380417 0.153846 0.085833
1 0.962789 0.272084 0.073171 0.069167
1 0.973108 0.377083 0.052533 0.127500
