1729405614241 1.71237 0
1729405660341 1.4546 1
1729405693540 1.63613 2
1729405741897 1.35795 3
1729405790250 1.31506 4
1729405819244 1.35139 5
1729405848443 1.47136 6
1729405877778 1.59065 7
1729405906756 1.43277 8
1729405941045 1.44156 9
1729405967952 1.44744 10
1729405997100 1.41068 11
1729406026910 1.53136 12
1729406054589 1.32522 13
1729406086960 1.29126 14
1729406117468 1.37596 15
1729406147238 1.44954 16
1729406183043 1.47638 17
1729406209619 1.4625 18
1729406240251 1.33924 19
1729406274349 1.34934 20
1729406303427 1.42588 21
1729406341080 1.31669 22
1729406375957 1.34618 23
1729406418540 1.34866 24
1729406457225 1.27298 25
1729406486387 1.30108 26
1729406525652 1.25585 27
1729406557996 1.24632 28
1729406595074 1.32014 29
1729406632293 1.17939 30
1729406664868 1.20487 31
1729406701771 1.15201 32
1729406736305 1.08572 33
1729406773627 1.16803 34
1729406814481 1.15504 35
1729406857050 1.21613 36
1729406893504 1.24027 37
1729406933364 1.31194 38
1729406972127 1.15541 39
1729407013877 1.00673 40
1729407054145 0.97199 41
1729407087024 1.01928 42
1729407131334 0.94404 43
1729407175694 0.9745 44
1729407218775 0.99367 45
1729407262606 0.90947 46
1729407305008 0.99547 47
1729407347240 0.92981 48
1729407390250 0.98496 49
