1729405614241 3.41732 0
1729405660341 3.18093 1
1729405693540 3.11809 2
1729405741897 2.84416 3
1729405790250 2.76948 4
1729405819244 2.52318 5
1729405848443 2.55495 6
1729405877778 2.73231 7
1729405906756 2.54477 8
1729405941045 2.66029 9
1729405967952 2.49464 10
1729405997100 2.52199 11
1729406026910 2.57574 12
1729406054589 2.35684 13
1729406086960 2.14072 14
1729406117468 2.17993 15
1729406147238 2.39761 16
1729406183043 2.4104 17
1729406209619 2.21019 18
1729406240251 2.17593 19
1729406274349 2.19671 20
1729406303427 2.24111 21
1729406341080 2.0643 22
1729406375957 2.12283 23
1729406418540 2.09893 24
1729406457225 1.96253 25
1729406486387 1.97249 26
1729406525652 1.83583 27
1729406557996 2.14315 28
1729406595074 2.11732 29
1729406632293 1.93992 30
1729406664868 1.97868 31
1729406701771 1.75689 32
1729406736305 2.45199 33
1729406773627 2.02121 34
1729406814481 1.75014 35
1729406857050 1.82649 36
1729406893504 1.84528 37
1729406933364 1.85538 38
1729406972127 1.69441 39
1729407013877 1.93668 40
1729407054145 2.01811 41
1729407087024 1.92056 42
1729407131334 2.00143 43
1729407175694 1.99713 44
1729407218775 1.99108 45
1729407262606 1.73142 46
1729407305008 1.90996 47
1729407347240 1.80632 48
1729407390250 1.796 49
