1729405614241 1.7794 0
1729405660341 1.62155 1
1729405693540 1.73287 2
1729405741897 1.5356 3
1729405790250 1.56089 4
1729405819244 1.52424 5
1729405848443 1.55017 6
1729405877778 1.76534 7
1729405906756 1.64619 8
1729405941045 1.68936 9
1729405967952 1.69772 10
1729405997100 1.70456 11
1729406026910 1.70304 12
1729406054589 1.54673 13
1729406086960 1.44933 14
1729406117468 1.56659 15
1729406147238 1.57677 16
1729406183043 1.64279 17
1729406209619 1.64497 18
1729406240251 1.53318 19
1729406274349 1.56222 20
1729406303427 1.55603 21
1729406341080 1.49214 22
1729406375957 1.5184 23
1729406418540 1.59343 24
1729406457225 1.54141 25
1729406486387 1.4999 26
1729406525652 1.43419 27
1729406557996 1.49054 28
1729406595074 1.56512 29
1729406632293 1.4442 30
1729406664868 1.46438 31
1729406701771 1.39783 32
1729406736305 1.30779 33
1729406773627 1.43699 34
1729406814481 1.38354 35
1729406857050 1.4592 36
1729406893504 1.46079 37
1729406933364 1.52339 38
1729406972127 1.37297 39
1729407013877 1.29256 40
1729407054145 1.36157 41
1729407087024 1.32903 42
1729407131334 1.31575 43
1729407175694 1.34256 44
1729407218775 1.30734 45
1729407262606 1.28524 46
1729407305008 1.34416 47
1729407347240 1.31863 48
1729407390250 1.30034 49
