0 0.15390625 0.4765625 0.25 0.3484375
0 0.21171875 0.8046875 0.2359375 0.33203125
0 0.4484375 0.8484375 0.11796875 0.26015625
0 0.609375 0.78125 0.13203125 0.27734375
0 0.86328125 0.7625 0.26953125 0.415625
0 0.4109375 0.50859375 0.10078125 0.36171875
0 0.59921875 0.32734375 0.15859375 0.26015625
0 0.73203125 0.4828125 0.18046875 0.29375
0 0.834375 0.18671875 0.10078125 0.23125
0 0.9171875 0.37578125 0.11796875 0.19765625
0 0.37421875 0.1765625 0.334375 0.29375
0 0.171875 0.128125 0.15625 0.2140625
0 0.69375 0.165625 0.09375 0.23984375
0 0.0609375 0.25234375 0.0796875 0.1515625