1 0.04375 0.24609375 0.0484375 0.36796875
1 0.171875 0.24765625 0.0484375 0.35703125
1 0.290625 0.24921875 0.0484375 0.353125
1 0.41953125 0.24375 0.04375 0.35703125
1 0.54296875 0.2421875 0.0390625 0.353125
1 0.66796875 0.24375 0.04609375 0.35703125
1 0.79140625 0.240625 0.04609375 0.37890625
1 0.90078125 0.23828125 0.04609375 0.3609375
2 0.075 0.75234375 0.1015625 0.396875
2 0.2046875 0.75234375 0.09921875 0.3828125
2 0.32578125 0.75078125 0.08515625 0.37890625
2 0.45234375 0.75234375 0.09921875 0.3828125
2 0.57421875 0.75390625 0.0921875 0.3859375
2 0.6984375 0.75625 0.1015625 0.3828125
2 0.8171875 0.75625 0.1015625 0.38984375
2 0.93671875 0.75234375 0.075 0.4046875