1729405619112 0.04026 0
1729405665864 0.0492 1
1729405696225 0.10148 2
1729405747495 0.10166 3
1729405794588 0.06562 4
1729405823531 0.12905 5
1729405852300 0.14278 6
1729405881204 0.10417 7
1729405909334 0.10417 8
1729405943559 0.11342 9
1729405970468 0.14025 10
1729406000444 0.10114 11
1729406031255 0.08567 12
1729406057866 0.06167 13
1729406089872 0.06167 14
1729406120246 0.04584 15
1729406150810 0.04237 16
1729406185395 0.04601 17
1729406212149 0.03414 18
1729406243915 0.03414 19
1729406276813 0.02761 20
1729406306683 0.04559 21
1729406345030 0.07888 22
1729406380526 0.10451 23
1729406422914 0.10451 24
1729406460611 0.16521 25
1729406489240 0.19827 26
1729406528988 0.17362 27
1729406562380 0.15022 28
1729406599656 0.12594 29
1729406635225 0.12594 30
1729406668786 0.13175 31
1729406705736 0.13368 32
1729406738898 0.1389 33
1729406776465 0.14282 34
1729406818872 0.14282 35
1729406861447 0.12848 36
1729406897737 0.15404 37
1729406937124 0.16914 38
1729406976250 0.19008 39
1729407018133 0.19008 40
1729407057153 0.20055 41
1729407090493 0.20702 42
1729407135628 0.21926 43
1729407179840 0.2161 44
1729407223104 0.21007 45
1729407265923 0.21007 46
1729407309600 0.20863 47
1729407351597 0.20026 48
1729407394675 0.20134 49
1729407401442 0.21900838777727943 49
