1729405619112 0.10633 0
1729405665864 0.11631 1
1729405696225 0.22323 2
1729405747495 0.17018 3
1729405794588 0.1163 4
1729405823531 0.19731 5
1729405852300 0.23871 6
1729405881204 0.22783 7
1729405909334 0.22783 8
1729405943559 0.23051 9
1729405970468 0.222 10
1729406000444 0.2524 11
1729406031255 0.20852 12
1729406057866 0.13671 13
1729406089872 0.13671 14
1729406120246 0.1316 15
1729406150810 0.09193 16
1729406185395 0.12268 17
1729406212149 0.10807 18
1729406243915 0.10807 19
1729406276813 0.06949 20
1729406306683 0.09754 21
1729406345030 0.143 22
1729406380526 0.18733 23
1729406422914 0.18733 24
1729406460611 0.25752 25
1729406489240 0.29519 26
1729406528988 0.26912 27
1729406562380 0.22624 28
1729406599656 0.21335 29
1729406635225 0.21335 30
1729406668786 0.23139 31
1729406705736 0.2266 32
1729406738898 0.24569 33
1729406776465 0.24904 34
1729406818872 0.24904 35
1729406861447 0.22785 36
1729406897737 0.25442 37
1729406937124 0.26283 38
1729406976250 0.30386 39
1729407018133 0.30386 40
1729407057153 0.3263 41
1729407090493 0.34261 42
1729407135628 0.32769 43
1729407179840 0.31425 44
1729407223104 0.3095 45
1729407265923 0.3095 46
1729407309600 0.2959 47
1729407351597 0.29281 48
1729407394675 0.29999 49
1729407401442 0.327710677272558 49
