1729405619112 0.00427 0
1729405665864 0.00438 1
1729405696225 0.00484 2
1729405747495 0.0041 3
1729405794588 0.45738 4
1729405823531 0.87228 5
1729405852300 0.29227 6
1729405881204 0.43119 7
1729405909334 0.43119 8
1729405943559 0.54668 9
1729405970468 0.97667 10
1729406000444 0.97354 11
1729406031255 0.38353 12
1729406057866 0.2963 13
1729406089872 0.2963 14
1729406120246 0.21214 15
1729406150810 0.1247 16
1729406185395 0.7372 17
1729406212149 0.81501 18
1729406243915 0.81501 19
1729406276813 0.42279 20
1729406306683 0.07948 21
1729406345030 0.13716 22
1729406380526 0.24499 23
1729406422914 0.24499 24
1729406460611 0.74786 25
1729406489240 0.39843 26
1729406528988 0.31226 27
1729406562380 0.3555 28
1729406599656 0.32295 29
1729406635225 0.32295 30
1729406668786 0.29975 31
1729406705736 0.64326 32
1729406738898 0.32529 33
1729406776465 0.35922 34
1729406818872 0.35922 35
1729406861447 0.36757 36
1729406897737 0.48173 37
1729406937124 0.43416 38
1729406976250 0.38183 39
1729407018133 0.38183 40
1729407057153 0.42579 41
1729407090493 0.42551 42
1729407135628 0.49793 43
1729407179840 0.47544 44
1729407223104 0.37959 45
1729407265923 0.37959 46
1729407309600 0.37623 47
1729407351597 0.36662 48
1729407394675 0.34967 49
1729407401442 0.4958844098496647 49
