1729405619112 0.75661 0
1729405665864 0.74603 1
1729405696225 0.80423 2
1729405747495 0.7209 3
1729405794588 0.03704 4
1729405823531 0.15685 5
1729405852300 0.27778 6
1729405881204 0.24002 7
1729405909334 0.24002 8
1729405943559 0.2234 9
1729405970468 0.16667 10
1729406000444 0.16667 11
1729406031255 0.24074 12
1729406057866 0.19441 13
1729406089872 0.19441 14
1729406120246 0.27778 15
1729406150810 0.24335 16
1729406185395 0.16667 17
1729406212149 0.08333 18
1729406243915 0.08333 19
1729406276813 0.16667 20
1729406306683 0.48148 21
1729406345030 0.28704 22
1729406380526 0.32407 23
1729406422914 0.32407 24
1729406460611 0.24074 25
1729406489240 0.27802 26
1729406528988 0.27519 27
1729406562380 0.28575 28
1729406599656 0.16667 29
1729406635225 0.16667 30
1729406668786 0.18515 31
1729406705736 0.16801 32
1729406738898 0.25132 33
1729406776465 0.25132 34
1729406818872 0.25132 35
1729406861447 0.21429 36
1729406897737 0.20512 37
1729406937124 0.22005 38
1729406976250 0.28836 39
1729407018133 0.28836 40
1729407057153 0.28836 41
1729407090493 0.35472 42
1729407135628 0.28836 43
1729407179840 0.28706 44
1729407223104 0.28836 45
1729407265923 0.28836 46
1729407309600 0.28836 47
1729407351597 0.28116 48
1729407394675 0.28836 49
1729407401442 0.2883597883597883 49
